
1556452800;1557057600
1555848000;1556452800
1555243200;1555848000
1554638400;1555243200
1554033600;1554638400
1553428800;1554033600
1552824000;1553428800
1552219200;1552824000
1551614400;1552219200
1551009600;1551614400
1550404800;1551009600
1549800000;1550404800
1549195200;1549800000
1548590400;1549195200
1547985600;1548590400
1547380800;1547985600
1546776000;1547380800
1546171200;1546776000
1545566400;1546171200
1544961600;1545566400
1544356800;1544961600
1543752000;1544356800
1543147200;1543752000
1542542400;1543147200
1541937600;1542542400
1541332800;1541937600
1540728000;1541332800
1540123200;1540728000
1539518400;1540123200
1538913600;1539518400
1538308800;1538913600
1537704000;1538308800
1537099200;1537704000
1536494400;1537099200
1535889600;1536494400
1535284800;1535889600
1534680000;1535284800
1534075200;1534680000
1533470400;1534075200
1532865600;1533470400
1532260800;1532865600
1531656000;1532260800
1531051200;1531656000
1530446400;1531051200
1529841600;1530446400
1529236800;1529841600
1528632000;1529236800
1528027200;1528632000
1527422400;1528027200
1526817600;1527422400
1526212800;1526817600
1525608000;1526212800
1525003200;1525608000
1524398400;1525003200
1523793600;1524398400
1523188800;1523793600
1522584000;1523188800
1521979200;1522584000
1521374400;1521979200
1520769600;1521374400
1520164800;1520769600
1519560000;1520164800
1518955200;1519560000
1518350400;1518955200
1517745600;1518350400
1517140800;1517745600
1516536000;1517140800
1515931200;1516536000
1515326400;1515931200
1514721600;1515326400
1514116800;1514721600
1513512000;1514116800
1512907200;1513512000
1512302400;1512907200
1511697600;1512302400
1511092800;1511697600
1510488000;1511092800
1509883200;1510488000
1509278400;1509883200
1508673600;1509278400
1508068800;1508673600
1507464000;1508068800
1506859200;1507464000
1506254400;1506859200
1505649600;1506254400
1505044800;1505649600
1504440000;1505044800
1503835200;1504440000
1503230400;1503835200
1502625600;1503230400
1502020800;1502625600
1501416000;1502020800
1500811200;1501416000
1500206400;1500811200
1499601600;1500206400
1498996800;1499601600
1498392000;1498996800
1497787200;1498392000
1497182400;1497787200
1496577600;1497182400
1495972800;1496577600
1495368000;1495972800
1494763200;1495368000
1494158400;1494763200
1493553600;1494158400
1492948800;1493553600
1492344000;1492948800
1491739200;1492344000
1491134400;1491739200
1490529600;1491134400
1489924800;1490529600
1489320000;1489924800
1488715200;1489320000
1488110400;1488715200
1487505600;1488110400
1486900800;1487505600
1486296000;1486900800
1485691200;1486296000
1485086400;1485691200
1484481600;1485086400
1483876800;1484481600
1483272000;1483876800
1482667200;1483272000
1482062400;1482667200
1481457600;1482062400
1480852800;1481457600
1480248000;1480852800
1479643200;1480248000
1479038400;1479643200
1478433600;1479038400
1477828800;1478433600
1477224000;1477828800
1476619200;1477224000
1476014400;1476619200
1475409600;1476014400
1474804800;1475409600
1474200000;1474804800
1473595200;1474200000
1472990400;1473595200
1472385600;1472990400
1471780800;1472385600
1471176000;1471780800
1470571200;1471176000
1469966400;1470571200
1469361600;1469966400
1468756800;1469361600
1468152000;1468756800
1467547200;1468152000
1466942400;1467547200
1466337600;1466942400
1465732800;1466337600
1465128000;1465732800
1464523200;1465128000
1463918400;1464523200
1463313600;1463918400
1462708800;1463313600
1462104000;1462708800
1461499200;1462104000
1460894400;1461499200
1460289600;1460894400
1459684800;1460289600
1459080000;1459684800
1458475200;1459080000
1457870400;1458475200
1457265600;1457870400
1456660800;1457265600
1456056000;1456660800
1455451200;1456056000
1454846400;1455451200
1454241600;1454846400
1453636800;1454241600
1453032000;1453636800
1452427200;1453032000
1451822400;1452427200
1451217600;1451822400
1450612800;1451217600
1450008000;1450612800
1449403200;1450008000
1448798400;1449403200
1448193600;1448798400
1447588800;1448193600
1446984000;1447588800
1446379200;1446984000
1445774400;1446379200
1445169600;1445774400
1444564800;1445169600
1443960000;1444564800
1443355200;1443960000
1442750400;1443355200
1442145600;1442750400
1441540800;1442145600
1440936000;1441540800
1440331200;1440936000
1439726400;1440331200
1439121600;1439726400
1438516800;1439121600
1437912000;1438516800
1437307200;1437912000
1436702400;1437307200
1436097600;1436702400
1435492800;1436097600
1434888000;1435492800
1434283200;1434888000
1433678400;1434283200
1433073600;1433678400
1432468800;1433073600
1431864000;1432468800
1431259200;1431864000
1430654400;1431259200
1430049600;1430654400
1429444800;1430049600
1428840000;1429444800
1428235200;1428840000
1427630400;1428235200
1427025600;1427630400
1426420800;1427025600
1425816000;1426420800
1425211200;1425816000
1424606400;1425211200
1424001600;1424606400
1423396800;1424001600
1422792000;1423396800
1422187200;1422792000
1421582400;1422187200
1420977600;1421582400
1420372800;1420977600
1419768000;1420372800
1419163200;1419768000
1418558400;1419163200
1417953600;1418558400
1417348800;1417953600
1416744000;1417348800
1416139200;1416744000
1415534400;1416139200
1414929600;1415534400
1414324800;1414929600
1413720000;1414324800
1413115200;1413720000
1412510400;1413115200
1411905600;1412510400
1411300800;1411905600
1410696000;1411300800
1410091200;1410696000
1409486400;1410091200
1408881600;1409486400
1408276800;1408881600
1407672000;1408276800
1407067200;1407672000
1406462400;1407067200
1405857600;1406462400
1405252800;1405857600
1404648000;1405252800
1404043200;1404648000
1403438400;1404043200
1402833600;1403438400
1402228800;1402833600
1401624000;1402228800
1401019200;1401624000
1400414400;1401019200
1399809600;1400414400
1399204800;1399809600
1398600000;1399204800
1397995200;1398600000
1397390400;1397995200
1396785600;1397390400
1396180800;1396785600
1395576000;1396180800
1394971200;1395576000
1394366400;1394971200
1393761600;1394366400
1393156800;1393761600
1392552000;1393156800
1391947200;1392552000
1391342400;1391947200
1390737600;1391342400
1390132800;1390737600
1389528000;1390132800
1388923200;1389528000
1388318400;1388923200
1387713600;1388318400
1387108800;1387713600
1386504000;1387108800
1385899200;1386504000
1385294400;1385899200
1384689600;1385294400
1384084800;1384689600
1383480000;1384084800
1382875200;1383480000
1382270400;1382875200
1381665600;1382270400
1381060800;1381665600
1380456000;1381060800
1379851200;1380456000
1379246400;1379851200
1378641600;1379246400
1378036800;1378641600
1377432000;1378036800
1376827200;1377432000
1376222400;1376827200
1375617600;1376222400
1375012800;1375617600
1374408000;1375012800
1373803200;1374408000
1373198400;1373803200
1372593600;1373198400
1371988800;1372593600
1371384000;1371988800
1370779200;1371384000
1370174400;1370779200
1369569600;1370174400
1368964800;1369569600
1368360000;1368964800
1367755200;1368360000
1367150400;1367755200
1366545600;1367150400
1365940800;1366545600
1365336000;1365940800
1364731200;1365336000
1364126400;1364731200
1363521600;1364126400
1362916800;1363521600
1362312000;1362916800
1361707200;1362312000
1361102400;1361707200
1360497600;1361102400
1359892800;1360497600
1359288000;1359892800
1358683200;1359288000
1358078400;1358683200
1357473600;1358078400
1356868800;1357473600
1356264000;1356868800
1355659200;1356264000
1355054400;1355659200
1354449600;1355054400
1353844800;1354449600
1353240000;1353844800
1352635200;1353240000
1352030400;1352635200
1351425600;1352030400
1350820800;1351425600
1350216000;1350820800
1349611200;1350216000
1349006400;1349611200
1348401600;1349006400
1347796800;1348401600
1347192000;1347796800
1346587200;1347192000
1345982400;1346587200
1345377600;1345982400
1344772800;1345377600
1344168000;1344772800
1343563200;1344168000
1342958400;1343563200
1342353600;1342958400
1341748800;1342353600
1341144000;1341748800
1340539200;1341144000
1339934400;1340539200
1339329600;1339934400
1338724800;1339329600
1338120000;1338724800
1337515200;1338120000
1336910400;1337515200
1336305600;1336910400
1335700800;1336305600
1335096000;1335700800
1334491200;1335096000
1333886400;1334491200
1333281600;1333886400
1332676800;1333281600
1332072000;1332676800
1331467200;1332072000
1330862400;1331467200
1330257600;1330862400
1329652800;1330257600
1329048000;1329652800
1328443200;1329048000
1327838400;1328443200
1327233600;1327838400
1326628800;1327233600
1326024000;1326628800
1325419200;1326024000
1324814400;1325419200
1324209600;1324814400
1323604800;1324209600
1323000000;1323604800
1322395200;1323000000
1321790400;1322395200
1321185600;1321790400
1320580800;1321185600
1319976000;1320580800
1319371200;1319976000
1318766400;1319371200
1318161600;1318766400
1317556800;1318161600
1316952000;1317556800
1316347200;1316952000
1315742400;1316347200
1315137600;1315742400
1314532800;1315137600
1313928000;1314532800
1313323200;1313928000
1312718400;1313323200
1312113600;1312718400
1311508800;1312113600
1310904000;1311508800
1310299200;1310904000
1309694400;1310299200
1309089600;1309694400
1308484800;1309089600
1307880000;1308484800
1307275200;1307880000
1306670400;1307275200
1306065600;1306670400
1305460800;1306065600
1304856000;1305460800
1304251200;1304856000
1303646400;1304251200
1303041600;1303646400
1302436800;1303041600
1301832000;1302436800
1301227200;1301832000
1300622400;1301227200
1300017600;1300622400
1299412800;1300017600
1298808000;1299412800
1298203200;1298808000
1297598400;1298203200
1296993600;1297598400
1296388800;1296993600
1295784000;1296388800
1295179200;1295784000
1294574400;1295179200
1293969600;1294574400
1293364800;1293969600
1292760000;1293364800
1292155200;1292760000
1291550400;1292155200
1290945600;1291550400
1290340800;1290945600
1289736000;1290340800
1289131200;1289736000
1288526400;1289131200
1287921600;1288526400
1287316800;1287921600
1286712000;1287316800
1286107200;1286712000
1285502400;1286107200
1284897600;1285502400
1284292800;1284897600
1283688000;1284292800
1283083200;1283688000
1282478400;1283083200
1281873600;1282478400
1281268800;1281873600
1280664000;1281268800
1280059200;1280664000
1279454400;1280059200
1278849600;1279454400
1278244800;1278849600
1277640000;1278244800
1277035200;1277640000
1276430400;1277035200
1275825600;1276430400
1275220800;1275825600
1274616000;1275220800
1274011200;1274616000
1273406400;1274011200
1272801600;1273406400
1272196800;1272801600
1271592000;1272196800
1270987200;1271592000
1270382400;1270987200
1269777600;1270382400
1269172800;1269777600
1268568000;1269172800
1267963200;1268568000
1267358400;1267963200
1266753600;1267358400
1266148800;1266753600
1265544000;1266148800
1264939200;1265544000
1264334400;1264939200
1263729600;1264334400
1263124800;1263729600
1262520000;1263124800
1261915200;1262520000
1261310400;1261915200
1260705600;1261310400
1260100800;1260705600
1259496000;1260100800
1258891200;1259496000
1258286400;1258891200
1257681600;1258286400
1257076800;1257681600
1256472000;1257076800
1255867200;1256472000
1255262400;1255867200
1254657600;1255262400
1254052800;1254657600
1253448000;1254052800
1252843200;1253448000
1252238400;1252843200
1251633600;1252238400
1251028800;1251633600
1250424000;1251028800
1249819200;1250424000
1249214400;1249819200
1248609600;1249214400
1248004800;1248609600
1247400000;1248004800
1246795200;1247400000
1246190400;1246795200
1245585600;1246190400
1244980800;1245585600
1244376000;1244980800
1243771200;1244376000
1243166400;1243771200
1242561600;1243166400
1241956800;1242561600
1241352000;1241956800
1240747200;1241352000
1240142400;1240747200
1239537600;1240142400
1238932800;1239537600
1238328000;1238932800
1237723200;1238328000
1237118400;1237723200
1236513600;1237118400
1235908800;1236513600
1235304000;1235908800
1234699200;1235304000
1234094400;1234699200
1233489600;1234094400
1232884800;1233489600
1232280000;1232884800
1231675200;1232280000
1231070400;1231675200
1230465600;1231070400
1229860800;1230465600
1229256000;1229860800
1228651200;1229256000
1228046400;1228651200
1227441600;1228046400
1226836800;1227441600
1226232000;1226836800
1225627200;1226232000
1225022400;1225627200
1224417600;1225022400
1223812800;1224417600
1223208000;1223812800
1222603200;1223208000
1221998400;1222603200
1221393600;1221998400
1220788800;1221393600
1220184000;1220788800
1219579200;1220184000
1218974400;1219579200
1218369600;1218974400
1217764800;1218369600
1217160000;1217764800
1216555200;1217160000
1215950400;1216555200
1215345600;1215950400
1214740800;1215345600
1214136000;1214740800
1213531200;1214136000
1212926400;1213531200
1212321600;1212926400
1211716800;1212321600
1211112000;1211716800
1210507200;1211112000
1209902400;1210507200
1209297600;1209902400
1208692800;1209297600
1208088000;1208692800
1207483200;1208088000
1206878400;1207483200
1206273600;1206878400
1205668800;1206273600
1205064000;1205668800
1204459200;1205064000
1203854400;1204459200
1203249600;1203854400
1202644800;1203249600
1202040000;1202644800
1201435200;1202040000
1200830400;1201435200
1200225600;1200830400
1199620800;1200225600
1199016000;1199620800
1198411200;1199016000
1197806400;1198411200
1197201600;1197806400
1196596800;1197201600
1195992000;1196596800
1195387200;1195992000
1194782400;1195387200
1194177600;1194782400
1193572800;1194177600
1192968000;1193572800
1192363200;1192968000
1191758400;1192363200
1191153600;1191758400
1190548800;1191153600
1189944000;1190548800
1189339200;1189944000
1188734400;1189339200
1188129600;1188734400
1187524800;1188129600
1186920000;1187524800
1186315200;1186920000
1185710400;1186315200
1185105600;1185710400
1184500800;1185105600
1183896000;1184500800
1183291200;1183896000
1182686400;1183291200
1182081600;1182686400
1181476800;1182081600
1180872000;1181476800
1180267200;1180872000
1179662400;1180267200
1179057600;1179662400
1178452800;1179057600
1177848000;1178452800
1177243200;1177848000
1176638400;1177243200
1176033600;1176638400
1175428800;1176033600
1174824000;1175428800
1174219200;1174824000
1173614400;1174219200
1173009600;1173614400
1172404800;1173009600
1171800000;1172404800
1171195200;1171800000
1170590400;1171195200
1169985600;1170590400
1169380800;1169985600
1168776000;1169380800
1168171200;1168776000
1167566400;1168171200
1166961600;1167566400
1166356800;1166961600
1165752000;1166356800
1165147200;1165752000
1164542400;1165147200
1163937600;1164542400
1163332800;1163937600
1162728000;1163332800
1162123200;1162728000
1161518400;1162123200
1160913600;1161518400
1160308800;1160913600
1159704000;1160308800
1159099200;1159704000
1158494400;1159099200
1157889600;1158494400
1157284800;1157889600
1156680000;1157284800
1156075200;1156680000
1155470400;1156075200
1154865600;1155470400
1154260800;1154865600
1153656000;1154260800
1153051200;1153656000
1152446400;1153051200
1151841600;1152446400
1151236800;1151841600
1150632000;1151236800
1150027200;1150632000
1149422400;1150027200
1148817600;1149422400
1148212800;1148817600
1147608000;1148212800
1147003200;1147608000
1146398400;1147003200
1145793600;1146398400
1145188800;1145793600
1144584000;1145188800
1143979200;1144584000
1143374400;1143979200
1142769600;1143374400
1142164800;1142769600
1141560000;1142164800
1140955200;1141560000
1140350400;1140955200
1139745600;1140350400
1139140800;1139745600
1138536000;1139140800
1137931200;1138536000
1137326400;1137931200
1136721600;1137326400
1136116800;1136721600
1135512000;1136116800
1134907200;1135512000
1134302400;1134907200
1133697600;1134302400
1133092800;1133697600
1132488000;1133092800
1131883200;1132488000
1131278400;1131883200
1130673600;1131278400
1130068800;1130673600
1129464000;1130068800
1128859200;1129464000
1128254400;1128859200
1127649600;1128254400
1127044800;1127649600
1126440000;1127044800
1125835200;1126440000
1125230400;1125835200
1124625600;1125230400
1124020800;1124625600
1123416000;1124020800
1122811200;1123416000
1122206400;1122811200
1121601600;1122206400
1120996800;1121601600
1120392000;1120996800
1119787200;1120392000
1119182400;1119787200
1118577600;1119182400
1117972800;1118577600
1117368000;1117972800
1116763200;1117368000
1116158400;1116763200
1115553600;1116158400
1114948800;1115553600
1114344000;1114948800
1113739200;1114344000
1113134400;1113739200
1112529600;1113134400
1111924800;1112529600
1111320000;1111924800
1110715200;1111320000
1110110400;1110715200
1109505600;1110110400
1108900800;1109505600
1108296000;1108900800
1557057600;1557662400
1557662400;1558267200
1558267200;1558872000
1558872000;1559476800
1559476800;1560081600
1560081600;1560686400
1561896000;1562500800
1561291200;1561896000
1560686400;1561291200
1562500800;1563105600
1563710400;1564315200
1563105600;1563710400
1564920000;1565524800
1564315200;1564920000
1567944000;1568548800
1567339200;1567944000
1566734400;1567339200
1566129600;1566734400
1565524800;1566129600
1572177600;1572782400
1571572800;1572177600
1570968000;1571572800
1570363200;1570968000
1569758400;1570363200
1569153600;1569758400
1568548800;1569153600